3308
9348
4996
3013
3040
4893
9338
9389
3056
3141
3216
3233
3266
3286
3361
3499
3529
3557
3570
3589
3643
3888
3692
3724
3750
3819
3841
3941
3949
3954
3981
4010
4147
4257
4355
4407
4445
4448
4726
3059
4871
4874
4939
7010
7031
7065
7068
7083
7104
7109
7209
7383
7437
7654
7676
7708
7749
7777
9096
3396
9122
3071
3074
3136
3172
3198
3219
3223
3225
3301
9274
9413
9414
9416
9418
9419
9420
9423
9532
9536
9593
9642
9695
3393
3661
3667
3713
3715
3737
3785
3807
3810
3812
3815
3823
3850
3852
3884
3886
3911
3862
3933
3957
3963
4016
4065
4141
4304
4332
4450
4478
4807
4897
4937
4964
7028
7043
7060
7090
7192
7198
3597
7208
7254
7255
7274
7304
7309
7321
7358
7402
3095
3097
3127
3140
3235
7470
7477
7644
7673
7717
7719
7746
9217
9353
9463
9549
9614
9620
9621
9674
9735
9808
3345
3368
3405
3413
3471
3483
3501
3592
3628
3678
3699
3719
3725
3749
3842
3924
3945
3982
4022
4026
4057
4156
4170
4311
4340
4371
4389
4427
4433
3839
4435
4736
4751
4762
4782
4809
4819
4863
7021
7029
7098
7147
7165
7287
7331
3371
3555
4868
7289
7390
7471
7639
7648
7649
9220
9325
9392
9534
9551
9608
9746
9761
3358
3425
3707
4130
4168
4297
4349
4421
4470
4928
7006
7030
7033
7035
7169
7225
7296
7677
9409
9415
9629
9692
9711
3021
3050
3076
3086
3130
7713
3133
3142
3155
3189
3202
3239
3379
3390
3433
3495
3527
3800
3808
3865
3873
3894
3975
3978
3990
4062
4128
4150
4214
4288
4353
4381
4453
4706
4713
4728
4870
7014
7016
7023
7034
7062
7064
7139
7177
7195
7223
7259
7293
7329
7335
7384
7460
7552
7616
7653
7699
7767
9123
9124
9161
9166
9207
9238
9255
3029
3084
3237
3415
3600
4351
4810
9309
9619
9680
9792
9794
3484
0001003
0001006
0001007
0001011
0001012
0001015
0001017
0001018
0001019
0001022
0001023
0001024
0001025
0001027
0001032
0001033
0001034
0001035
0001038
0001040
0001041
0001042
0001043
0001044
0001045
0001049
0001051
0001052
0001053
0001055
0001059
0001064
0001065
0001066
0001067
0001068
0001069
0001071
0001072
0001073
0001074
0001075
0001076
0001077
0001078
0001079
0001080
0001081
0001087
0001089
0001091
0001092
0001093
0001094
0001095
0001096
0001098
0001099
0001100
0001104
0001108
0001110
0001111
0001112
0001114
0001115
0001116
0001118
0001119
0001120
0001121
0001129
0001130
0001131
0001133
0001134
0001136
0001137
0001147
0001149
0001151
0001154
0001155
0001156
0001161
0001163
0001165
0001166
0001167
0001169
0001170
0001171
0001172
0001175
0001176
0001284
0001182
0001185
0001192
0001193
0001195
0001202
0001204
0001205
0001206
0001207
0001208
0001209
0001210
0001213
0001216
0001217
0001221
0001222
0001223
0001224
0001227
0001229
0001243
0001244
0001247
0001248
0001250
0001251
0001253
0001254
0001125
0001255
0001263
0001265
0001267
0001268
0001271
0001273
0001274
0001275
0001277
0001278
0001280
0001281
0001283
0001287
0001288
0001290
0001293
0001297
0001298
0001303
0001305
0001306
0001307
0001313
0001315
0001317
0001321
0001327
0001328
0001368
0001333
0001334
0001335
0001336
0001337
0001343
0001345
0001353
0001354
0001355
0001364
0001365
0001367
0001374
0001375
0001377
0001386
0001387
0001390
0001395
0001403
0001405
0001407
0001414
0001415
0001417
0001424
0001427
0001437
0001447
0001385
0001454
0001455
0001456
0001460
0001463
0001464
0001465
0001470
0001474
0001475
0001478
0001484
0001485
0001487
0001488
0001490
0001494
0001495
0001504
0001508
0001514
0001524
0001528
0001535
0001545
0001554
0001555
0001560
0001564
0001565
0001574
0001575
0001578
0001584
0001585
0001588
0001590
0001595
0001598
0001600
0001608
0001610
0001614
0001615
0001618
0001605
0001620
0001623
0001624
0001628
0001634
0001638
0001640
0001642
0001644
0001645
0001646
0001650
0001658
0001665
0001668
0001675
0001678
0001684
0001685
0001690
0001695
0001698
0001700
0001708
0001709
0001710
0001712
0001714
0001715
0001717
0001718
0001720
0001722
0001725
0001728
0001730
0001733
0001734
0001738
0001740
0001744
0001745
0001748
0001750
0001754
0001755
0001758
0001764
0001765
0001768
0001654
0001773
0001775
0001780
0001788
0001790
0001795
0001798
0001800
0001802
0001804
0001805
0001810
0001814
0001818
0001820
0001822
0001828
0001830
0001831
0001834
0001838
0001840
0001844
0001847
0001850
0001853
0001854
0001863
0001868
0001874
0001888
0001894
0001944
0001955
0001958
0001968
0001974
0001978
0001980
0001984
0001988
0001998
0001999
0002001
0002009
0002010
0002016
0002023
0002027
0002028
0002029
0002030
0002034
0002036
0002040
0002047
0002049
0002050
0002056
0002059
0002064
0002065
0002068
0002071
0002074
0002077
0002078
0002087
0002088
0002089
0002092
0002104
0002105
0002106
0002109
0002112
0002114
0002119
0002124
0002125
0002126
0002135
0002138
0002145
0002147
0002148
0002156
0002173
0002175
0002179
0002180
0002183
0002191
0002195
0002197
0002203
0002205
0002212
0002215
0002218
0002219
0002225
0002226
0002231
0002232
0002238
0002239
0002241
0002242
0002244
0002245
0002265
0002278
0002288
0002290
0002298
0002299
0002304
0002305
0002306
0002308
0002309
0002311
0002315
0002318
0002323
0002329
0002330
0002335
0002338
0002339
0002341
0002343
0002344
0002349
0002352
0002353
0002354
0002358
0002360
0002361
0002371
0002373
0002382
0002388
0002390
0002395
0002402
0002412
0002415
0001141
0002421
0002422
0002432
0002435
0002443
0002450
0002451
0002453
0002480
0002485
0002487
0002494
0002497
0002500
0002505
0002514
0002515
0002517
0002524
0002527
0002537
0002546
0002547
0002557
0002565
0002570
0002574
0002577
0002583
0002584
0002587
0002593
0002597
0002600
0002604
0002617
0002628
0002637
0002644
0002654
0002657
0002663
0002664
0002674
0002677
0002683
0002694
0002695
0002744
0002745
0001139
0002755
0002760
0002774
0002784
0002796
0002802
0002805
0002807
0002819
0002823
0002829
0002840
0002845
0002855
0002872
0002885
0002888
0002922
0002934
0002963
0001760
0001187
0001378
0001443
0001924
0001304
0001084
0001294
0001004
0001008
0001358
0001438
0001226
0001127
0001090
0001664
0001318
0001314
0001338
0001285
0001013
0001309
0001330
0001398
0001404
0001082
0001538
0001434
0002247
0001088
0002933
0001518
0001122
0001168
0001408
0001660
0001029
0001388
0001159
0001357
0001674
0001688
0001146
0001048
0001097
0001189
0001062
0001148
0001228